CustomerId	Quantity	UnitPrice	LASTPURCHASEDATE	Recency	Frequency	Monetary	RQuantile	FQuantile	MQuantile	Score
15892			1		0.99		2015-12-31			0		7			6.93		1				1			1		111
15270			1		1.99		2015-12-31			0		3			5.97		1				1			1		111
6025			1		0.99		2015-12-31			0		4			3.96		1				1			1		111
13300			1		0.99		2015-12-31			0		4			3.96		1				1			1		111
2793			1		0.99		2015-12-31			0		3			2.97		1				1			1		111
15442			1		0.99		2015-12-31			0		3			2.97		1				1			1		111
4268			1		0.99		2015-12-31			0		3			2.97		1				1			1		111
7230			1		0.99		2015-12-31			0		2			1.98		1				3			3		133
17455			1		0.99		2015-12-31			0		2			1.98		1				3			3		133
19774			1		0.99		2015-12-31			0		2			1.98		1				3			3		133
9593			1		0.99		2015-12-31			0		2			1.98		1				3			3		133
12387			1		0.99		2015-12-31			0		2			1.98		1				3			3		133
12324			1		0.99		2015-12-31			0		2			1.98		1				3			3		133
17570			1		0.99		2015-12-31			0		2			1.98		1				3			3		133
15053			1		0.99		2015-12-31			0		2			1.98		1				3			3		133
18859			1		0.99		2015-12-31			0		2			1.98		1				3			3		133
6560			1		0.99		2015-12-31			0		2			1.98		1				3			3		133
9897			1		0.99		2015-12-31			0		2			1.98		1				3			3		133
19250			1		0.99		2015-12-31			0		2			1.98		1				3			3		133
2466			1		0.99		2015-12-31			0		2			1.98		1				3			3		133
